lith	DT24/DTC	DT/GR	GR	GR_silica	GR_clay	M2R2	M2R3	M2R6	M2R9	M2RX	F	ZDEN	ZDENm	CNCF	CNCFm	CNCF_clay	TM	TP	TN	PE	SP	GR_m	clay	silica	carbonate
3	69.169	0.49971	138.419	1.07664	0.92616	375.157	313.495	312.309	292.175	287.83	1.3034	2.632	0.77143	32.026	0.71111	1.06217	0.98803	0.89129	5.05118	3.88	0.44525	0.73715	85.96398	11.96292	2.0731
3	64.075	0.42119	152.129	0.94295	1.05874	118.595	119.211	123.112	126.867	128.848	0.92043	2.688	0.87143	23.803	0.50533	1.4421	1.01329	0.8816	5.23081	2.681	0.4654	0.83365	68.35262	31.26453	0.38285
4	77.877	0.7636	101.987	1.4204	0.64906	36.998	57.228	98.022	156.507	194.343	0.19037	2.302	0.18214	43.567	0.99992	0.44141	1.00806	0.89402	5.13933	3.4	0.71877	0.48069	66.82616	30.67887	2.49497
7	63.801	0.4889	130.5	1.1534	0.85728	318.811	328.828	298.06	269.523	262.628	1.21393	2.656	0.81429	24.123	0.51334	1.35114	1.02365	0.88548	5.26484	3.6	0.42713	0.6814	66.31675	27.8326	5.85065
3	84.433	0.77496	108.951	1.35703	0.6947	20.471	28.016	44.301	61.352	75.666	0.27054	2.203	0.00536	37.153	0.83941	0.43428	0.9727	0.77756	5.22	2.89	0.28068	0.52971	65.78016	34.21984	0
3	72.317	0.44486	162.563	0.84179	1.17222	29.394	30.677	32.469	33.271	33.726	0.87155	2.643	0.79107	27.376	0.59474	1.21692	0.95848	0.83591	5.1833	2.442	0.50805	0.9071	64.26478	34.92345	0.81177
3	62.122	0.47618	130.459	1.1538	0.85694	479.676	384.669	384.666	366.446	361.179	1.32808	2.739	0.9625	27.673	0.60218	1.43379	1.01474	0.91862	5.04804	2.6	0.38837	0.68111	62.3	37.7	0
3	68.02	0.48395	140.553	1.05586	0.94565	101.506	90.132	80.246	76.479	75.175	1.35026	2.645	0.79464	28.312	0.61817	1.193	0.99391	0.87751	5.15146	3.88	0.21427	0.75217	62	37	1
3	66.707	0.41595	160.372	0.86293	1.14742	66.628	70.578	85.006	94.527	98.292	0.67786	2.687	0.86964	24.983	0.53486	1.39764	0.99338	0.86822	5.19681	2.021	0.51965	0.89168	61.97643	37.13082	0.89275
3	69.404	0.48634	142.706	1.03487	0.96573	29.424	29.374	30.43	30.885	31.097	0.9462	2.589	0.69464	17.402	0.34515	1.41835	0.99769	0.80473	5.12	1.677	0.4742	0.76732	61.95693	35.97149	2.07158
3	79.053	1.0446	75.678	1.64527	0.50209	6.292	10.893	15.16	17.395	18.286	0.34409	2.379	0.31964	33.866	0.75716	0.64564	0.9714	0.81342	5.37018	3.22	0.21385	0.29549	61.12	38.88	0
3	79.053	1.0446	75.678	1.64527	0.50209	6.292	10.893	15.16	17.395	18.286	0.34409	2.379	0.31964	33.866	0.75716	0.64564	0.9714	0.81342	5.37018	3.22	0.21385	0.29549	61.12	38.88	0
3	66.088	0.45838	144.178	1.02051	0.9797	95.013	92.13	96.873	100.187	101.28	0.93812	2.716	0.92143	28.733	0.6287	1.34007	0.99081	0.89532	5.04487	3.352	0.51624	0.77769	60.57328	38.1918	1.23492
3	69.247	0.44041	157.233	0.89332	1.11281	92.781	94.88	100.784	104.455	107.009	0.86704	2.633	0.77321	29.904	0.65801	1.1221	0.98712	0.87729	5.11771	2.87	0.45638	0.86958	58.60191	38.17997	3.21812
4	65.696	0.50604	129.825	1.15991	0.85165	72.646	67.588	67.37	67.37	67.37	1.07831	2.35	0.26786	39.751	0.90443	0.5291	1.09802	0.97128	5.20498	2.8	0.34985	0.67665	58.43545	35.91321	5.65134
4	75.316	0.66895	112.589	1.32339	0.71981	72.481	100.114	156.281	268.199	325.626	0.22259	2.41	0.375	39.708	0.90335	0.58957	0.99791	0.88974	5.10919	2.8	0.80874	0.55532	58.038	35.11434	6.84766
4	63.479	0.43089	147.319	0.98986	1.01019	71.062	71.352	70.823	71.639	71.248	0.99739	2.609	0.73036	27.464	0.59695	1.14272	1.03854	0.90743	5.22784	2.939	0.10587	0.7998	57	42	1
4	67.149	0.55851	120.229	1.25167	0.77552	245.49	189.007	156.19	144.398	140.873	1.74263	2.726	0.93929	30.287	0.66759	1.31218	0.97998	0.89658	4.9842	2.48	0.28519	0.6091	56.69093	39.44536	3.86371
3	66.828	0.41729	160.146	0.86511	1.14489	136.653	121.315	107.107	101.461	99.721	1.37035	2.678	0.85357	25.717	0.55323	1.35032	0.99476	0.87154	5.1867	2.48	0.37102	0.89009	56	39	5
7	62.799	0.48855	128.541	1.17228	0.84105	261.006	205.719	180.406	165.763	161.605	1.61509	2.668	0.83571	21.9	0.45771	1.45937	1.02791	0.88034	5.31459	2.4	0.40314	0.66761	54.7	44.9	0.4
4	66.479	0.43337	153.401	0.93057	1.07196	142.652	163.457	158.218	157.587	160.28	0.89002	2.634	0.775	26.975	0.58471	1.2096	1.00903	0.88169	5.20812	3.11	0.54585	0.84261	54	31	15
7	65.421	0.50498	129.551	1.16256	0.84938	83.655	81.582	86.267	89.187	90.261	0.92681	2.717	0.92321	17.907	0.35778	1.76021	0.9957	0.83904	5.36307	2.27	0.8136	0.67472	53	33	14
3	54.609	0.3107	175.763	0.7165	1.33337	211.109	283.021	398.182	501.24	566.401	0.37272	2.736	0.95714	24.266	0.51692	1.55306	1.06675	0.94989	5.15384	1.364	0.35294	1.00002	51.90252	47.76802	0.32946
3	60.813	0.42609	142.723	1.0347	0.96589	140.086	140.47	144.801	149.605	152.032	0.92142	2.757	0.99464	25.906	0.55796	1.54757	1.01965	0.91751	5.07848	3.684	0.45632	0.76744	50	45	5
3	69.862	0.44802	155.935	0.90592	1.0988	109.6	110.45	118.303	122.988	125.554	0.87293	2.655	0.8125	27.831	0.60613	1.22921	0.97623	0.85955	5.15286	3.136	0.45605	0.86045	48.39122	39.74677	11.86201
7	63.647	0.85045	74.839	1.65202	0.498	159.281	159.281	159.281	157.607	157.573	1.01084	2.695	0.88393	12.922	0.23303	1.91726	1.01468	0.82682	5.53305	2.02	0.3683	0.28959	47.32771	40.48791	12.18438
3	68.144	0.43389	157.054	0.89506	1.11087	172.498	157.027	142.345	134.811	132.628	1.30062	2.624	0.75714	27.619	0.60083	1.1692	0.99849	0.87233	5.20198	3.07	0.39917	0.86832	47	49	4
3	65.939	0.42154	156.424	0.90117	1.10406	55.499	59.073	65.005	67.586	68.893	0.80558	2.673	0.84464	24.872	0.53208	1.36692	1.00298	0.87356	5.219	2.304	0.52154	0.86389	47	48	5
10	65.357	0.85359	76.567	1.63809	0.50647	131.632	119.937	113.233	107.768	106.261	1.23876	2.576	0.67143	15.702	0.3026	1.44604	1.0334	0.82802	5.63085	1.88	0.41531	0.30175	46.4	52.6	1
3	70.196	0.72487	96.84	1.46629	0.61726	108.838	107.346	112.644	116.606	118.11	0.9215	2.514	0.56071	16.05	0.31131	1.28326	1.01211	0.7911	5.51958	1.61	0.42884	0.44446	46	40	14
3	70.141	0.53681	130.663	1.15183	0.85865	22.243	22.556	23.204	23.476	23.568	0.94378	2.563	0.64821	13.946	0.25866	1.47632	0.99874	0.78081	5.50197	1.704	0.47032	0.68255	46	50	4
10	62.177	0.48955	127.008	1.18701	0.82856	63.071	63.211	65.978	67.485	68.315	0.92324	2.676	0.85	12.796	0.22988	1.85915	1.03037	0.83698	5.56369	2.376	0.88287	0.65682	46	48	6
3	78.56	0.57159	137.44	1.08616	0.91735	13.167	13.296	13.561	13.674	13.799	0.9542	2.648	0.8	25.639	0.55128	1.28239	0.89895	0.76744	5.22988	1.933	0.64552	0.73025	45	40	15
8	58.271	0.50822	114.658	1.3041	0.73449	290.214	278.967	264.211	258.969	247.054	1.1747	2.72	0.92857	17.342	0.34364	1.79486	1.04654	0.88767	5.37499	3.686	0.3777	0.56989	44	49	7
7	64.664	0.82064	78.797	1.61994	0.51761	82.82	98.128	104.194	113.976	118.298	0.7001	2.618	0.74643	14.976	0.28443	1.58724	1.02725	0.82957	5.58767	2.221	0.59875	0.31745	42.4	56	1.6
3	63.608	0.40717	156.221	0.90315	1.10187	73.758	73.282	73.089	74.037	74.465	0.99051	2.649	0.80179	26.467	0.572	1.25833	1.02692	0.90054	5.20314	2.45	0.60248	0.86246	42	54	4
4	62.091	0.48503	128.016	1.17733	0.83675	129.196	128.734	130.57	134.462	136.518	0.94637	2.748	0.97857	22.468	0.47192	1.65972	1.01272	0.88866	5.19107	1.4	0.29577	0.66392	38.8	46	15.2
8	63.846	0.48973	130.37	1.15466	0.8562	127.932	128.07	128.081	128.081	128.081	0.99884	2.617	0.74464	21.653	0.45153	1.3406	1.03366	0.87123	5.39414	1.863	0.58725	0.68049	34	62	4
8	70.694	1.50746	46.896	1.86052	0.37914	26.684	28.608	29.465	30.398	32.497	0.82112	2.557	0.6375	12.368	0.21917	1.51942	0.99576	0.76827	5.75676	1.967	0.57729	0.09289	33.3	62.8	3.9
7	75.369	0.47376	159.087	0.87536	1.13312	15.046	15.065	15.072	15.148	15.194	0.99026	2.598	0.71071	29.426	0.64605	1.06681	0.94306	0.82087	5.18136	2.217	0.66436	0.88263	32	51	17
8	65.22	1.22744	53.135	1.81676	0.40294	48.02	52.232	58.777	61.953	63.467	0.75661	2.603	0.71964	12.651	0.22625	1.63786	1.02707	0.81363	5.67644	2.59	0.17516	0.13681	32	68	0
8	62.308	0.51702	120.513	1.24898	0.77768	98.448	99.571	99.868	101.436	102.153	0.96373	2.626	0.76071	11.641	0.20098	1.75021	1.04257	0.83032	5.66967	2.285	0.35613	0.6111	32	58	10
7	63.95	0.52208	122.491	1.23019	0.79283	111.796	111.277	111.201	111.157	111.538	1.00231	2.649	0.80179	18.619	0.3756	1.5314	1.02438	0.85395	5.43741	1.657	0.60248	0.62502	31	60	9
8	67.326	0.91615	73.488	1.66283	0.49148	26.845	28.767	29.743	30.686	31.494	0.85238	2.569	0.65893	14.99	0.28478	1.45375	1.01999	0.80903	5.6624	1.329	0.33747	0.28008	30.1	69.3	0.6
3	65.219	0.52251	124.819	1.20798	0.81105	104.397	101.894	102.79	105.307	106.342	0.98171	2.639	0.78393	19.827	0.40583	1.45951	1.01743	0.85086	5.4165	2.129	0.60492	0.64141	30	61	9
8	70.002	0.79518	88.033	1.54276	0.56643	46.61	54.568	63.847	68.358	70.577	0.66041	2.53	0.58929	8.125	0.11299	1.6101	1.00917	0.75354	5.921	1.443	0.35	0.38247	30	60	10
3	66.329	0.42474	156.165	0.90369	1.10127	131.86	129.173	134.866	140.198	142.182	0.9274	2.656	0.81429	26.648	0.57653	1.2684	1.00439	0.88092	5.18802	3.024	0.45317	0.86207	29	34	37
7	68.466	0.50343	135.998	1.10017	0.90453	74.239	73.331	81.008	84.67	86.281	0.86043	2.572	0.66429	18.83	0.38088	1.32764	1.01003	0.81996	5.54526	1.921	0.89342	0.7201	29	52	19
8	63.29	0.42792	147.903	0.98416	1.01597	62.815	61.766	62.966	63.34	64.24	0.97782	2.649	0.80179	14.829	0.28076	1.68376	1.02928	0.83909	5.54597	1.363	0.3	0.80391	29	64	7
8	64.081	0.7061	90.753	1.51943	0.58167	32.353	32.872	34.336	34.979	35.266	0.9174	2.551	0.62679	7.766	0.104	1.68671	1.05	0.7986	5.89603	1.57	0.19317	0.40161	29	64	7
8	64.351	0.75714	84.992	1.56852	0.54987	32.87	33.181	34.386	34.936	35.198	0.93386	2.563	0.64821	7.684	0.10195	1.72679	1.04463	0.79619	5.8786	1.658	0.19908	0.36106	29	64	7
7	63.655	0.44436	143.251	1.02955	0.97088	45.058	48.094	51.801	53.767	55.362	0.81388	2.66	0.82143	12.805	0.23011	1.80638	1.02369	0.82618	5.58667	2.159	0.00195	0.77116	28	54	18
8	63.188	0.47176	133.942	1.12012	0.88657	45.477	47.012	49.687	50.982	51.535	0.88245	2.572	0.66429	8.545	0.1235	1.71736	1.0508	0.80892	5.84014	2.304	0.31689	0.70563	28	65	7
8	61.815	0.8659	71.388	1.67949	0.48151	36.038	36.276	37.077	37.591	37.868	0.95167	2.576	0.67143	6.915	0.08271	1.80168	1.0597	0.81126	5.87863	1.687	0.51566	0.2653	28	68	4
10	64.887	0.82112	79.023	1.61809	0.51875	117.311	100.981	97.406	93.301	92.121	1.27344	2.595	0.70536	15.97	0.30931	1.48594	1.03178	0.83298	5.59388	2.22	0.36613	0.31904	27.3	72.7	0
7	65.603	0.38332	171.145	0.75986	1.27462	113.145	110.753	110.524	110.184	110.207	1.02666	2.614	0.73929	12.159	0.21394	1.69105	1.02117	0.80825	5.67343	2.144	0.26675	0.96751	27	71	2
7	65.603	0.38332	171.145	0.75986	1.27462	113.145	110.753	110.524	110.184	110.207	1.02666	2.614	0.73929	12.159	0.21394	1.69105	1.02117	0.80825	5.67343	2.144	0.26675	0.96751	27	71	2
3	68.162	0.4922	138.484	1.076	0.92675	53.974	54.963	58.403	59.917	60.661	0.88976	2.625	0.75893	28.122	0.61341	1.15664	0.99808	0.87522	5.18486	2.278	0.61924	0.7376	26	64	10
7	65.876	0.45839	143.713	1.02505	0.97526	62.984	63.148	63.231	63.309	63.253	0.99575	2.63	0.76786	26.877	0.58226	1.20394	1.01478	0.88579	5.21671	1.601	0.6301	0.77441	26	69	5
4	61.314	0.40973	149.646	0.96716	1.03339	95.264	95.264	95.264	95.264	95.264	1	2.639	0.78393	24.407	0.52045	1.30146	1.04627	0.90525	5.27988	1.856	0.33282	0.81618	26	69	5
7	66.711	0.86812	76.845	1.63584	0.50784	50.651	50.563	50.619	50.638	50.842	0.99624	2.595	0.70536	12.863	0.23156	1.60609	1.01771	0.80314	5.68279	1.627	0.18135	0.30371	26	72	2
10	65.325	0.78009	83.74	1.57903	0.54319	70.867	71.821	71.971	72.484	72.474	0.97783	2.589	0.69464	7.59	0.0996	1.81311	1.03008	0.78836	5.83921	2.134	0.22845	0.35225	26	71	3
7	62.059	0.48036	129.193	1.166	0.84642	52.407	52.394	52.351	52.378	52.405	1.00004	2.639	0.78393	18.95	0.38388	1.49189	1.04092	0.86962	5.44215	2.976	0.1873	0.6722	25	73	2
7	65.698	0.65912	99.675	1.44112	0.63458	44.243	47.187	47.196	48.521	49.635	0.89137	2.657	0.81607	14.971	0.28431	1.70193	1.00902	0.82165	5.53031	2.119	0.8196	0.46442	24	76	0
7	62.461	0.76654	81.484	1.59782	0.53136	61.945	62.722	65.826	67.19	67.579	0.91663	2.614	0.73929	11.945	0.20858	1.70013	1.04468	0.8307	5.67943	1.799	0.54361	0.33636	24	71	5
3	61.502	0.55759	110.3	1.3446	0.70391	53.987	54.007	54.039	54.077	54.468	0.99117	2.63	0.76786	10.756	0.17883	1.80224	1.04732	0.83181	5.68819	2.377	0.93889	0.53921	24	68	8
10	65.313	0.80607	81.026	1.60161	0.52899	172.791	145.85	141.992	136.064	134.157	1.28798	2.572	0.66429	17.637	0.35103	1.36788	1.03484	0.83844	5.58051	1.88	0.37306	0.33314	23.3	76.7	0
3	62.418	0.41475	150.497	0.95886	1.04201	170.332	168.791	198.525	216.098	220.04	0.7741	2.609	0.73036	24.929	0.53351	1.21756	1.04634	0.9003	5.30641	1.451	0.23108	0.82217	23	70	7
8	63.232	0.4642	136.218	1.09804	0.90648	83.187	83.186	83.33	83.485	84.093	0.98923	2.699	0.89107	21.688	0.4524	1.55064	1.01673	0.87598	5.27846	3.41	0.88437	0.72165	23	60	17
4	63.695	0.76187	83.604	1.58017	0.54247	43.362	43.368	43.368	43.376	43.483	0.99722	2.601	0.71607	10.018	0.16036	1.74318	1.03911	0.81222	5.75325	1.874	0.74156	0.35129	23	68	9
11	65.881	0.82863	79.506	1.61413	0.5212	54.56	55.854	60.136	62.187	63.032	0.86559	2.535	0.59821	7.655	0.10123	1.64376	1.04082	0.78439	5.92574	1.366	0.55065	0.32244	23	69	8
7	60.982	0.79551	76.658	1.63735	0.50692	97.019	95.48	99.411	104.97	110.243	0.88005	2.688	0.87143	15.017	0.28546	1.79673	1.03585	0.85677	5.48468	3.075	0.78689	0.30239	22.2	73.4	4.4
7	62.803	0.77177	81.375	1.59872	0.5308	80.331	80.331	80.331	80.331	80.331	1	2.595	0.70536	13.614	0.25035	1.57618	1.04732	0.83652	5.66146	1.494	0.39782	0.3356	22	76	2
8	64.989	0.57409	113.203	1.31767	0.72413	88.954	89.136	89.206	89.302	89.382	0.99521	2.61	0.73214	11.704	0.20255	1.69824	1.02694	0.8107	5.6923	2.005	0.20908	0.55964	22	69	9
7	59.626	0.53905	110.614	1.34169	0.70607	77.897	77.897	77.897	77.826	77.485	1.00532	2.652	0.80714	11.586	0.1996	1.83592	1.05474	0.84911	5.63226	2.758	0.72452	0.54142	22	73	5
9	60.585	0.66651	90.899	1.51817	0.58249	196.26	159.462	136.194	126.952	124.204	1.58014	2.639	0.78393	9.318	0.14284	1.89854	1.05145	0.83139	5.71413	1.88	0.55652	0.40264	21.5	76.3	2.2
3	65.547	0.46617	140.609	1.05531	0.94616	137.307	169.09	205.641	231.422	241.866	0.5677	2.614	0.73929	28	0.87187	0.87583	1.0216	0.96315	5.5	1.299	0.31604	0.75256	21	66	13
7	71.599	1.19555	59.888	1.76757	0.43039	21.564	22.858	24.132	24.725	24.975	0.86342	2.505	0.54464	11.768	0.20415	1.40563	1.0028	0.75759	5.85965	1.18	0.62136	0.18434	21	63	16
8	63.336	0.6314	100.31	1.43545	0.63852	44.681	46.154	48.672	49.907	50.442	0.88579	2.574	0.66786	8.013	0.11019	1.7466	1.04915	0.80531	5.85164	2.316	0.31117	0.46889	21	72	7
7	63.957	0.70056	91.294	1.51476	0.58474	70.293	67.728	63.524	61.541	60.78	1.15652	2.677	0.85179	6.448	0.07102	2.18314	1.01701	0.79337	5.73461	1.562	0.40665	0.40542	21	72	7
3	70.034	0.4453	157.273	0.89293	1.11324	102.619	104.071	111.307	115.559	118.079	0.86907	2.645	0.79464	28.73	0.62863	1.18059	0.97743	0.86356	5.552	3.061	0.4566	0.86986	20	76	4
9	58.858	0.56364	104.424	1.39839	0.66468	72.005	72.005	72.005	72.005	72.005	1	2.752	0.98571	15.169	0.28926	2.00662	1.03452	0.87238	5.39256	3.219	0.32614	0.49785	20	67	13
11	63.683	1.88959	33.702	1.94772	0.33334	29.795	30.276	31.118	31.606	31.934	0.93302	2.607	0.72679	12.141	0.21349	1.67079	1.03757	0.82268	5.68465	1.7	0.01446	0.00001	20	69	11
7	63.558	0.68999	92.115	1.50765	0.58945	41.085	41.085	41.111	41.13	41.119	0.99917	2.628	0.76429	9.188	0.13959	1.86768	1.03286	0.80925	5.73443	1.413	0.34392	0.4112	20	76	4
10	64.384	1.12334	57.315	1.78654	0.41972	100.613	90.223	83.279	80.051	79.171	1.27083	2.56	0.64286	8.259	0.11634	1.69302	1.04522	0.79866	5.86756	1.45	0.22736	0.16623	19.6	78.9	1.5
3	63.777	0.7267	87.762	1.54507	0.56493	67.339	67.482	68.285	69.29	69.988	0.96215	2.675	0.84821	9.48	0.1469	2.01641	1.01887	0.80902	5.65607	1.22	0.40938	0.38056	19.4	79.8	0.8
4	64.66	0.56677	114.086	1.30944	0.7304	148.675	148.919	149.98	150.692	153.345	0.96955	2.65	0.80357	21.986	0.45986	1.41017	1.01878	0.86697	5.33713	2.733	0.66019	0.56586	19	73	8
3	62.749	0.69301	90.546	1.52121	0.58049	77.935	77.798	77.593	77.561	76.858	1.01401	2.595	0.70536	13.43	0.24575	1.58346	1.04772	0.83599	5.6667	2.133	0.54629	0.40015	19	76	5
8	63.616	1.18793	53.552	1.81378	0.40459	40.028	48.164	57.36	62.206	64.681	0.61885	2.586	0.68929	12.584	0.22457	1.59155	1.04378	0.82537	5.70468	1.98	0.17557	0.13974	19	78	3
8	65.894	0.75773	86.962	1.55187	0.56054	27.605	28.576	29.8	30.349	30.65	0.90065	2.519	0.56964	9.056	0.13629	1.54243	1.04527	0.79093	5.91337	1.525	0.10898	0.37493	19	73	8
7	68.755	1.41716	48.516	1.84931	0.38519	45.286	49.139	49.141	50.868	52.23	0.86705	2.507	0.54821	10.645	0.17605	1.45087	1.02602	0.77589	5.88853	1.454	0.15136	0.10429	18.6	81.4	0
7	63.788	1.30863	48.744	1.84773	0.38604	26.831	27.033	27.819	28.105	28.211	0.95108	2.601	0.71607	11.865	0.20658	1.66444	1.03841	0.82054	5.70166	1.622	0.45124	0.1059	18	67	15
10	62.535	0.81125	77.085	1.63389	0.50903	73.492	73.584	73.743	73.653	73.833	0.99538	2.637	0.78036	11.749	0.20368	1.78012	1.03799	0.8292	5.65009	2.127	0.36095	0.3054	18	74	8
7	69.615	0.75585	92.102	1.50776	0.58937	49.88	49.898	49.896	49.905	49.93	0.999	2.541	0.60893	8.513	0.1227	1.62618	1.00927	0.75859	5.89177	1.404	0.27318	0.41111	18	78	4
7	65.199	0.90895	71.73	1.67679	0.48312	45.958	44.835	42.743	41.884	41.538	1.10641	2.593	0.70179	6.546	0.07347	1.87444	1.02995	0.78445	5.86136	1.9	0.28654	0.2677	18	72	10
7	63.215	0.74759	84.558	1.57217	0.54754	283.842	287.196	287.196	277.87	276.327	1.0272	2.687	0.86964	13.196	0.23989	1.87715	1.01994	0.83139	5.53684	2.89	0.38247	0.358	17.8	43.4	38.8
10	62.54	0.80909	77.297	1.63217	0.51009	103.835	92.297	82.045	78.351	77.177	1.34541	2.576	0.67143	8.45	0.12112	1.73379	1.05445	0.81322	5.83633	1.8	0.29295	0.30689	17.8	80.2	2
10	66.178	1.06129	62.356	1.74912	0.44088	67.093	61.808	57.392	55.632	55.103	1.21759	2.567	0.65536	7.717	0.10278	1.73773	1.02956	0.78238	5.87116	1.02	0.26095	0.20172	17.8	79.3	2.9
10	63.794	1.10679	57.639	1.78416	0.42105	137.746	116.927	102.264	96.781	95.221	1.44659	2.585	0.6875	7.969	0.10908	1.78321	1.04273	0.8017	5.83518	1.78	0.22425	0.16851	17.6	81	1.4
8	69.368	0.90655	76.519	1.63848	0.50623	17.368	17.61	17.732	17.739	17.803	0.97557	2.6	0.71429	12.728	0.22818	1.62597	0.99499	0.78112	5.67889	1.612	0.62984	0.30141	17.1	56.5	26.4
3	63.42	0.51075	124.17	1.21418	0.80593	25.053	28.471	31.346	32.572	33.092	0.75707	2.675	0.84821	17.291	0.34237	1.65839	1.02152	0.85086	5.43869	2.097	0.54451	0.63684	17	78	5
10	68.095	0.3976	171.265	0.75873	1.27611	89.502	87.995	90.323	92.663	93.691	0.95529	2.551	0.62679	10.6	0.17492	1.57123	1.01886	0.78102	5.81666	1.891	0.14845	0.96836	17	80	3
10	75.438	1.15102	65.54	1.72496	0.4548	37.529	37.633	37.9	38.337	38.598	0.9723	2.528	0.58571	10.466	0.17157	1.51307	0.96187	0.71688	5.85833	1.619	0.20046	0.22413	17	76	7
10	66.78	0.50099	133.297	1.12637	0.881	48.159	48.784	50.418	51.575	52.182	0.9229	2.567	0.65536	10.359	0.16889	1.62655	1.02486	0.7903	5.79756	2.214	0.1377	0.70109	17	78	5
8	62.421	0.83031	75.178	1.6493	0.49965	82.356	82.349	83.194	85.401	86.867	0.94807	2.564	0.65	9.716	0.1528	1.64411	1.05863	0.82014	5.82043	2.276	0.73214	0.29198	17	80	3
10	63.335	0.38299	165.372	0.81481	1.2048	37.105	37.104	37.104	37.104	37.104	1.00003	2.624	0.75714	8.821	0.13041	1.87149	1.03558	0.80915	5.75063	1.745	0.50079	0.92688	17	66	17
10	66.104	1.25628	52.619	1.82044	0.40092	18.367	18.095	17.599	17.413	17.335	1.05953	2.52	0.57143	8.201	0.11489	1.5786	1.04336	0.78524	5.93576	1.246	0.43858	0.13318	17	62	21
9	60.697	0.65476	92.701	1.50256	0.59283	193.639	157.441	135	125.99	123.226	1.57141	2.648	0.8	9.565	0.14902	1.91741	1.04828	0.83178	5.69381	1.69	0.5618	0.41532	16.8	78.7	4.5
8	63.583	0.49128	129.423	1.16379	0.84832	123.601	123.639	123.774	123.807	123.807	0.99834	2.626	0.76071	20.276	0.41707	1.41008	1.03321	0.86562	5.42202	1.951	0.58569	0.67382	16	71	13
8	61.54	0.57412	107.19	1.37319	0.68286	116.166	115.821	115.846	116.039	115.112	1.00916	2.64	0.78571	14.79	0.27978	1.65853	1.04439	0.85162	5.56027	3.19	0.14	0.51732	16	82	2
8	66.342	0.68765	96.476	1.4695	0.61507	35.494	35.271	36.706	37.338	37.635	0.94311	2.659	0.81964	14.404	0.27012	1.73243	1.0035	0.81378	5.54339	2.319	0.47	0.4419	16	68	16
7	61.148	0.81976	74.593	1.654	0.49681	33.045	44.372	54.705	60.937	34.122	0.96844	2.717	0.92321	13.848	0.25621	1.9484	1.02727	0.84965	5.47666	3.255	0.20744	0.28786	16	42	42
11	67.886	0.916	74.111	1.65786	0.49447	36.35	37.117	38.976	39.704	40.048	0.90766	2.511	0.55536	8.797	0.1298	1.53044	1.03189	0.77402	5.93427	1.633	0.65242	0.28446	16	77	7
8	61.901	0.50791	121.875	1.23605	0.78808	43.195	43.516	45.78	46.784	47.249	0.9142	2.608	0.72857	8.647	0.12605	1.82672	1.05035	0.81879	5.78019	1.558	0.44236	0.62069	16	78	6
10	64.065	1.03872	61.677	1.75422	0.43797	118.163	100.053	86.479	81.838	80.423	1.46927	2.601	0.71607	8.422	0.12042	1.81421	1.03635	0.80182	5.79734	1.88	0.22465	0.19694	16	76.7	7.3
11	66.763	0.88634	75.324	1.64812	0.50036	76.477	75.726	83.885	86.234	89.196	0.8574	2.541	0.60893	7.997	0.10978	1.64731	1.03226	0.77914	5.90618	1.278	0.53605	0.293	16	76	8
8	63.322	0.94357	67.109	1.71289	0.46182	48.268	48.973	51.714	52.981	53.544	0.90146	2.577	0.67321	7.612	0.10015	1.77369	1.04843	0.80353	5.85786	2.331	0.30145	0.23518	16	79	5
11	68.902	0.87087	79.119	1.6173	0.51924	37.652	39.319	41.645	43.221	43.585	0.86388	2.504	0.54286	7.549	0.09857	1.55937	1.02569	0.7599	5.98145	1.169	0.57095	0.31972	16	73	11
11	66.064	0.85372	77.384	1.63146	0.51052	51.509	52.621	56.035	58.11	58.736	0.87696	2.535	0.59821	6.925	0.08296	1.67407	1.0394	0.77956	5.94604	1.403	0.55615	0.3075	16	74	10
8	70.217	0.75992	92.401	1.50517	0.5911	39.419	40.387	42.309	43.021	43.076	0.9151	2.582	0.68214	5.597	0.04972	1.88216	0.99286	0.73996	5.90488	1.555	0.3	0.41321	16	73	11
10	65.203	0.98761	66.021	1.72127	0.45694	104.445	88.407	76.75	72.845	71.565	1.45944	2.578	0.675	7.197	0.08976	1.79541	1.03403	0.78745	5.86765	1.82	0.38391	0.22752	15.3	81	3.7
8	62.216	0.75732	82.153	1.59227	0.53484	80.463	81.151	81.24	83.241	85.001	0.94661	2.633	0.77321	11.824	0.20556	1.76413	1.04137	0.83189	5.65401	2.073	0.48906	0.34107	15	83	2
3	67.944	0.56308	120.665	1.24754	0.77883	38.195	41.161	44.643	46.251	47.018	0.81235	2.547	0.61964	9.798	0.15485	1.59168	1.0212	0.77835	5.84581	1.11	0.66044	0.61217	15	74	11
11	73.871	1.08334	68.188	1.70454	0.4667	34.683	38.47	42.489	44.175	45.207	0.7672	2.537	0.60179	9.777	0.15433	1.56433	0.97367	0.7279	5.86289	1.033	0.64531	0.24277	15	70	15
11	69.539	0.92994	74.778	1.65251	0.4977	30.479	32.325	34.25	35.2	35.585	0.85651	2.519	0.56964	9.758	0.15385	1.51557	1.01614	0.76517	5.89351	1.285	0.61521	0.28916	15	75	10
10	67.61	0.73563	91.907	1.50945	0.58825	71.774	71.618	71.663	71.619	71.536	1.00333	2.539	0.60536	8.467	0.12155	1.62224	1.02612	0.77466	5.89638	2.185	0.19555	0.40974	15	70	15
10	64.313	0.82536	77.921	1.62709	0.5132	112.046	110.642	110.359	109.924	110.375	1.01514	2.587	0.69107	8.442	0.12092	1.76853	1.0383	0.80006	5.81895	2.081	0.22128	0.31128	15	77	8
11	68.329	0.9462	72.214	1.67296	0.4854	49.047	53.796	59.435	62.188	63.257	0.77536	2.521	0.57321	7.859	0.10633	1.59501	1.02546	0.76601	5.94365	1.527	0.54172	0.27111	15	75	10
11	64.418	0.96271	66.913	1.71441	0.46093	61.667	69.999	81.29	86.959	89.389	0.68987	2.57	0.66071	7.854	0.10621	1.74108	1.04219	0.79649	5.8625	2.137	0.53272	0.2338	15	76	9
11	65.965	0.87534	75.359	1.64784	0.50053	52.381	53.05	54.784	56.196	56.271	0.93087	2.564	0.65	7.776	0.10425	1.72589	1.03204	0.78431	5.87442	1.411	0.54072	0.29325	15	74	11
11	66.769	0.87826	76.024	1.64248	0.50379	36.035	36.255	36.381	37.68	37.697	0.95591	2.496	0.52857	7.293	0.09217	1.54713	1.04508	0.77578	6.00253	1.527	0.56826	0.29793	15	78	7
10	65.682	1.04363	62.936	1.74475	0.44339	84.507	76.846	69.668	67.112	66.281	1.27498	2.548	0.62143	7.467	0.09652	1.6903	1.03869	0.78504	5.90929	1.85	0.26342	0.2058	14.6	84.3	1.1
7	77.765	0.93317	83.334	1.58242	0.54104	28.68	31.309	33.761	34.953	35.391	0.81038	2.45	0.44643	13.583	0.24957	1.21757	0.9624	0.71005	5.90165	1.394	0.60621	0.34939	14	81	5
7	59.956	0.73945	81.082	1.60114	0.52928	53.147	53.18	53.167	53.147	53.147	1	2.637	0.78036	12.556	0.22387	1.74453	1.0564	0.8516	5.62759	2.72	0.18743	0.33354	14	68	18
8	66.687	1.03378	64.508	1.73284	0.45024	68.449	68.59	68.489	68.473	68.502	0.99923	2.592	0.7	11.082	0.18699	1.67032	1.01871	0.79454	5.73763	1.856	0.14323	0.21687	14	81	5
10	58.998	0.60911	96.86	1.46612	0.61738	113.875	113.783	113.813	113.847	113.572	1.00267	2.678	0.85357	9.14	0.13839	2.04456	1.0523	0.8416	5.66089	2.83	0.14	0.4446	14	66	20
10	67.429	1.14411	58.936	1.77462	0.42641	79.064	75.747	75.577	74.998	74.686	1.05862	2.513	0.55893	12.831	0.23076	1.38843	1.03496	0.79732	5.81548	1.4	0.34815	0.17764	13.3	85.6	1.1
10	64.581	1.40473	45.974	1.86685	0.37575	59.747	57.438	56.064	56.064	56.064	1.06569	2.513	0.55893	10.731	0.1782	1.46335	1.05702	0.80904	5.87591	1.3	0.302	0.0864	13.1	86.4	0.5
8	65.474	1.00483	65.159	1.72787	0.45311	40.457	48.449	58.338	63.793	66.493	0.60844	2.589	0.69464	15.923	0.30813	1.47183	1.02894	0.82826	5.60441	1.944	0.23509	0.22145	13	81	6
10	56.611	0.64684	87.52	1.54713	0.5636	211.601	209.043	199.77	204.06	197.156	1.07327	2.701	0.89464	13.626	0.25065	1.90407	1.06252	0.87972	5.50512	3.158	0.4637	0.37885	13	78	9
7	62.387	0.606	102.949	1.41174	0.65518	53.144	53.144	53.144	53.136	52.947	1.00372	2.615	0.74107	9.931	0.15818	1.7912	1.04494	0.82142	5.73394	1.57	0.53093	0.48746	13	85	2
7	55.572	0.76478	72.664	1.66939	0.48754	322.736	322.736	322.736	322.736	322.736	1	2.699	0.89107	8.873	0.13171	2.13692	1.06987	0.86329	5.63757	3.071	0.14818	0.27428	13	49	38
10	64.942	1.2719	51.059	1.8315	0.39486	89.079	91.475	91.488	93.917	93.009	0.95775	2.531	0.59107	8.499	0.12235	1.59795	1.04915	0.79558	5.90885	2.563	0.45484	0.12219	13	82	5
11	69.918	0.95652	73.096	1.66596	0.4896	40.669	45.319	50.43	53.369	54.828	0.74176	2.495	0.52679	7.908	0.10756	1.52079	1.01992	0.75322	5.98694	1.348	0.55841	0.27732	13	57	30
4	75.514	0.74004	102.04	1.41993	0.64939	51.908	51.785	53.193	54.15	54.61	0.95052	2.484	0.50714	14.101	0.26254	1.27712	0.97385	0.73417	5.8273	1.763	0.39299	0.48106	12	82	6
8	65.882	1.11617	59.025	1.77396	0.42678	34.434	35.315	37.047	37.742	38.116	0.9034	2.506	0.54643	8.03	0.11061	1.54623	1.04909	0.78615	5.96448	1.404	0.02231	0.17827	12	85	3
4	67.337	0.58929	114.268	1.30774	0.7317	137.59	143.576	180.854	198.017	213.282	0.64511	2.621	0.75179	22.87	0.48198	1.30971	1.00575	0.85118	5.35184	3.727	0.57839	0.56714	11	3	86
7	66.895	0.89091	75.086	1.65004	0.4992	48.818	48.866	49.523	49.25	49.82	0.97989	2.539	0.60536	11.285	0.19207	1.51178	1.03178	0.7939	5.81685	1.771	0.42807	0.29133	11	62	27
8	62.184	0.48926	127.099	1.18614	0.8293	51.215	50.594	53.349	54.531	54.938	0.93223	2.605	0.72321	10.334	0.16827	1.74185	1.04912	0.82484	5.73824	1.815	0.24204	0.65746	11	85	4
8	65.206	0.87447	74.566	1.65421	0.49667	47.994	47.985	48.089	48.218	48.522	0.98912	2.55	0.625	8.218	0.11532	1.66477	1.04178	0.79223	5.88511	1.728	0.75322	0.28767	11	81	8
7	65.4	0.53694	121.801	1.23675	0.78751	29.178	28.87	28.489	28.197	28.066	1.03962	2.559	0.64107	12.104	0.21256	1.53497	1.03778	0.80954	5.76107	1.271	0.49492	0.62017	10	88	2
7	63.15	1.26429	49.949	1.83931	0.39061	50.266	51.091	52.101	53.155	53.734	0.93546	2.552	0.62857	8.853	0.13121	1.64438	1.05664	0.81067	5.86411	1.722	0.54283	0.11438	10	86	4
8	63.368	0.95942	66.048	1.72106	0.45706	47.862	48.036	50.334	51.346	51.796	0.92405	2.586	0.68929	7.944	0.10846	1.78752	1.04562	0.80475	5.83427	2.204	0.31592	0.22771	10	81	9
7	63.641	1.83219	34.735	1.94115	0.33672	60.16	62.735	65.45	67.637	68.92	0.8729	2.543	0.6125	6.339	0.06829	1.72324	1.05553	0.79522	5.94882	1.705	0.11447	0.00729	10	90	0
7	70.501	1.28081	55.044	1.80305	0.41052	63.421	71.055	71.584	75.377	78.07	0.81236	2.509	0.55179	6.609	0.07505	1.61081	1.01099	0.74225	5.99914	1.654	0.04224	0.15025	9.1	87.3	3.6
10	62.547	0.72771	85.95	1.56044	0.55503	68.073	68.144	68.408	68.3	68.518	0.99351	2.597	0.70893	11.305	0.19257	1.67592	1.04865	0.82693	5.72358	1.853	0.28974	0.3678	9	82	9
7	61.987	0.68479	90.52	1.52144	0.58034	59.116	61.28	65.473	69.303	70.168	0.84249	2.586	0.68929	8.942	0.13343	1.74343	1.05571	0.81958	5.80671	1.686	0.38714	0.39997	9	56	35
8	64.899	0.98956	65.584	1.72462	0.45499	35.028	35.316	36.814	37.476	37.793	0.92684	2.514	0.56071	7.028	0.08554	1.6083	1.05432	0.78898	5.97884	1.74	0.15812	0.22444	9	88	3
8	64.899	0.98956	65.584	1.72462	0.45499	35.028	35.316	36.814	37.476	37.793	0.92684	2.514	0.56071	7.028	0.08554	1.6083	1.05432	0.78898	5.97884	1.74	0.15812	0.22444	9	88	3
8	64.65	1.30023	49.722	1.8409	0.38975	188.8	188.8	188.8	188.8	188.8	1	2.572	0.66429	4.946	0.03343	1.87921	1.03988	0.78124	5.93886	1.037	0.3231	0.11278	9	89	2
3	69.733	1.08652	64.18	1.73533	0.4488	145.2	140.214	159.658	170.487	174.519	0.832	2.575	0.66964	8.498	0.12232	1.72862	0.99882	0.75754	5.83661	1.04	0.27551	0.21456	8.4	89.5	2.1
3	65.724	0.82517	79.649	1.61296	0.52193	73.016	73.363	74.694	76.135	77.243	0.94528	2.598	0.71071	8.084	0.11196	1.81985	1.02456	0.78763	5.81136	1.6	0.38779	0.32345	8.2	80.6	11.2
8	61.896	0.64754	95.586	1.47734	0.60976	44.311	45.642	48.477	49.785	50.432	0.87863	2.589	0.69464	10.204	0.16502	1.6983	1.05555	0.8263	5.76689	1.84	0.40493	0.43563	8	63	29
8	61.657	1.16409	52.966	1.81797	0.40228	60.393	60.354	61.182	62.311	62.909	0.96001	2.6	0.71429	9.841	0.15593	1.74779	1.05428	0.82627	5.75972	1.5	0.02789	0.13562	8	87	5
7	63.7	0.64438	98.855	1.44843	0.62952	52.087	52.087	52.084	51.766	51.513	1.01114	2.62	0.75	11.102	0.18749	1.75508	1.03394	0.81745	5.69379	1.319	0.51344	0.45864	7	92	1
7	69.857	0.78593	88.885	1.53548	0.57116	126.718	130.918	155.488	168.917	176.838	0.71658	2.602	0.71786	7.237	0.09077	1.87216	0.9904	0.75057	5.82822	1.05	0.24758	0.38846	6.4	90.8	2.8
8	65.878	1.03126	63.881	1.7376	0.44749	52.48	52.189	54.575	55.738	56.26	0.93281	2.58	0.67857	12.375	0.21934	1.58285	1.02829	0.8072	5.72001	2.237	0.18721	0.21245	6	86	8
10	62.762	1.291	48.615	1.84863	0.38556	47.15	47.15	47.15	47.15	47.15	1	2.585	0.6875	7.323	0.09292	1.81227	1.05035	0.80629	5.85293	1.722	0.44158	0.10499	6	89	5
7	61.13	0.75551	80.912	1.60255	0.5284	73.173	71.887	77.166	79.736	80.782	0.90581	2.642	0.78929	10.074	0.16176	1.87297	1.04679	0.83116	5.68887	2.217	0.29148	0.33234	5	87	8
8	65.242	1.18484	55.064	1.8029	0.4106	84.857	74.282	65.255	62.786	61.602	1.3775	2.573	0.66607	9.915	0.15778	1.66244	1.03511	0.80006	5.80038	1.735	0.87625	0.15039	5	93	2
3	64.915	0.57887	112.14	1.32756	0.71666	62.169	63.747	66.821	68.64	70.248	0.88499	2.676	0.85	9.787	0.15458	2.00455	1.01005	0.80194	5.64627	2.4	0.36817	0.55216	5	87.6	7.4
7	66.629	1.10346	60.382	1.7639	0.43247	70.93	75.922	82.02	87.251	92.139	0.76982	2.521	0.57321	9.309	0.14262	1.53818	1.03898	0.78642	5.90285	1.716	0.12479	0.18782	5	93	2
8	69.528	1.28411	54.145	1.80952	0.40694	52.17	53	54.838	56.685	57.361	0.9095	2.529	0.5875	3.614	0.0001	1.7993	1.01339	0.73666	6.04727	1.466	0.58	0.14392	5	87	8
8	62.98	1.19323	52.781	1.81929	0.40156	49.049	60.523	76.033	84.995	89.569	0.54761	2.604	0.72143	12.695	0.22735	1.63898	1.04358	0.83062	5.67366	1.75	0.19838	0.13432	3	66	31
